-0.023
0.000
-0.010
-0.013
-0.039
-0.015
0.005
0.001
0.001
0.000
0.003
-0.010
-0.017
-0.004
-0.006
-0.007
-0.003
-0.004
-0.005
-0.004
-0.006
-0.016
-0.003
-0.010
-0.014
-0.008
-0.008
-0.005
-0.007
-0.007
-0.014
0.026
0.010
-0.005
-0.011
-0.009
-0.009
-0.004
-0.006
-0.005
-0.008
-0.011
0.004
0.008
-0.001
-0.007
-0.010
-0.005
-0.002
0.000
-0.004
-0.007
-0.012
0.004
0.013
0.003
-0.008
-0.005
-0.005
0.003
0.000
-0.002
-0.008
-0.008
-0.006
-0.010
0.005
-0.010
-0.008
-0.001
0.000
0.001
-0.003
-0.011
-0.013
0.020
-0.016
-0.006
-0.009
-0.008
-0.007
-0.011
-0.010
-0.012
0.006
-0.010
-0.005
-0.015
-0.015
-0.015
-0.017
-0.002
-0.004
0.006
-0.001
-0.005
0.015
