0.086
0.044
0.064
0.057
0.033
0.047
0.015
0.020
0.013
0.012
0.026
-0.002
0.051
0.014
0.006
0.005
0.008
0.014
0.008
0.021
-0.009
0.071
0.017
0.005
0.001
0.001
0.008
0.014
0.013
0.007
0.015
0.035
0.019
0.015
0.002
-0.001
0.004
0.012
0.014
0.017
0.008
0.007
0.036
0.027
0.010
-0.000
0.004
0.009
0.014
0.021
0.016
0.009
-0.000
0.064
0.009
0.011
0.004
0.006
0.012
0.019
0.018
0.018
0.004
0.001
0.030
0.040
0.014
0.009
0.011
0.019
0.020
0.022
0.011
0.003
-0.010
0.108
0.034
0.017
0.014
0.021
0.024
0.021
0.009
-0.003
0.030
0.043
0.017
0.025
0.016
0.027
-0.002
0.022
0.060
-0.005
0.046
-0.017
0.067
