0.139
0.060
0.093
0.044
0.115
0.100
0.058
0.065
0.047
0.050
0.042
0.096
0.106
0.053
0.042
0.039
0.035
0.042
0.039
0.057
0.116
0.209
0.040
0.037
0.037
0.031
0.041
0.038
0.043
0.037
0.058
0.221
0.059
0.047
0.026
0.029
0.041
0.038
0.041
0.038
0.033
0.051
0.067
0.150
0.034
0.021
0.037
0.041
0.052
0.046
0.044
0.029
0.042
0.153
0.071
0.041
0.032
0.038
0.045
0.047
0.048
0.043
0.033
0.048
0.048
0.266
0.040
0.029
0.035
0.046
0.049
0.044
0.036
0.037
0.021
0.259
0.135
0.038
0.029
0.043
0.045
0.050
0.026
0.025
0.124
0.146
0.010
0.036
0.016
0.049
0.009
0.092
0.274
0.027
0.165
0.005
0.238
