0.085
0.034
0.044
0.030
0.006
0.049
0.013
0.022
0.017
0.018
0.029
0.012
0.050
0.010
0.009
0.011
0.012
0.018
0.015
0.031
0.023
0.102
0.008
0.007
0.009
0.009
0.015
0.016
0.019
0.017
0.033
0.054
0.028
0.014
0.007
0.008
0.014
0.015
0.016
0.017
0.016
0.022
0.030
0.059
0.010
0.007
0.014
0.015
0.019
0.018
0.017
0.012
0.018
0.049
0.025
0.015
0.012
0.014
0.017
0.018
0.017
0.017
0.012
0.019
0.018
0.088
0.014
0.012
0.014
0.018
0.018
0.017
0.012
0.013
0.011
0.080
0.049
0.014
0.012
0.017
0.017
0.017
0.010
0.012
0.042
0.063
0.003
0.015
0.006
0.020
0.004
0.030
0.122
0.007
0.062
-0.009
0.077
